	initial_hunter	Run	average_welfare	grass
0	5	0	126.0	True
1	5	1	106.0	True
2	5	2	105.0	True
3	5	3	112.0	True
4	5	4	122.0	True
5	5	5	104.0	True
6	5	6	129.0	True
7	5	7	120.0	True
8	5	8	109.0	True
9	5	9	110.0	True
10	5	10	115.0	True
11	5	11	113.0	True
12	5	12	101.0	True
13	5	13	117.0	True
14	5	14	111.0	True
15	5	15	122.0	True
16	5	16	99.0	True
17	5	17	122.0	True
18	5	18	103.0	True
19	5	19	122.0	True
20	5	20	114.0	True
21	5	21	115.0	True
22	5	22	103.0	True
23	5	23	121.0	True
24	5	24	98.0	True
25	5	25	101.0	True
26	5	26	103.0	True
27	5	27	109.0	True
28	5	28	100.0	True
29	5	29	98.0	True
30	5	30	105.0	True
31	5	31	112.0	True
32	5	32	105.0	True
33	5	33	115.0	True
34	5	34	124.0	True
35	5	35	103.0	True
36	5	36	135.0	True
37	5	37	98.0	True
38	5	38	112.0	True
39	5	39	105.0	True
40	5	40	121.0	True
41	5	41	116.0	True
42	5	42	112.0	True
43	5	43	89.0	True
44	5	44	104.0	True
45	5	45	113.0	True
46	5	46	97.0	True
47	5	47	114.0	True
48	5	48	92.0	True
49	5	49	101.0	True
50	5	50	112.0	True
51	5	51	100.0	True
52	5	52	93.0	True
53	5	53	102.0	True
54	5	54	88.0	True
55	5	55	114.0	True
56	5	56	93.0	True
57	5	57	109.0	True
58	5	58	98.0	True
59	5	59	122.0	True
60	5	60	126.0	True
61	5	61	105.0	True
62	5	62	104.0	True
63	5	63	109.0	True
64	5	64	105.0	True
65	5	65	101.0	True
66	5	66	111.0	True
67	5	67	120.0	True
68	5	68	116.0	True
69	5	69	110.0	True
70	5	70	105.0	True
71	5	71	91.0	True
72	5	72	89.0	True
73	5	73	103.0	True
74	5	74	100.0	True
75	5	75	124.0	True
76	5	76	116.0	True
77	5	77	116.0	True
78	5	78	96.0	True
79	5	79	132.0	True
80	5	80	88.0	True
81	5	81	104.0	True
82	5	82	99.0	True
83	5	83	100.0	True
84	5	84	106.0	True
85	5	85	102.0	True
86	5	86	95.0	True
87	5	87	109.0	True
88	5	88	120.0	True
89	5	89	109.0	True
90	5	90	100.0	True
91	5	91	118.0	True
92	5	92	105.0	True
93	5	93	132.0	True
94	5	94	98.0	True
95	5	95	113.0	True
96	5	96	100.0	True
97	5	97	106.0	True
98	5	98	118.0	True
99	5	99	91.0	True
100	10	100	99.5	True
101	10	101	113.5	True
102	10	102	103.0	True
103	10	103	94.5	True
104	10	104	90.5	True
105	10	105	102.0	True
106	10	106	97.5	True
107	10	107	110.5	True
108	10	108	109.0	True
109	10	109	111.5	True
110	10	110	98.0	True
111	10	111	119.0	True
112	10	112	105.5	True
113	10	113	103.5	True
114	10	114	111.0	True
115	10	115	104.0	True
116	10	116	108.0	True
117	10	117	86.5	True
118	10	118	113.5	True
119	10	119	104.0	True
120	10	120	95.5	True
121	10	121	115.5	True
122	10	122	112.0	True
123	10	123	102.0	True
124	10	124	89.0	True
125	10	125	107.5	True
126	10	126	100.0	True
127	10	127	109.5	True
128	10	128	118.0	True
129	10	129	110.0	True
130	10	130	98.0	True
131	10	131	108.5	True
132	10	132	104.5	True
133	10	133	109.0	True
134	10	134	107.0	True
135	10	135	107.5	True
136	10	136	107.0	True
137	10	137	99.5	True
138	10	138	94.0	True
139	10	139	122.5	True
140	10	140	104.0	True
141	10	141	107.0	True
142	10	142	115.0	True
143	10	143	110.0	True
144	10	144	114.0	True
145	10	145	110.0	True
146	10	146	111.5	True
147	10	147	95.0	True
148	10	148	104.0	True
149	10	149	99.0	True
150	10	150	111.0	True
151	10	151	115.0	True
152	10	152	99.0	True
153	10	153	98.0	True
154	10	154	112.0	True
155	10	155	98.5	True
156	10	156	107.0	True
157	10	157	95.5	True
158	10	158	115.0	True
159	10	159	118.0	True
160	10	160	116.0	True
161	10	161	100.0	True
162	10	162	98.5	True
163	10	163	92.5	True
164	10	164	93.0	True
165	10	165	108.5	True
166	10	166	121.5	True
167	10	167	112.5	True
168	10	168	104.0	True
169	10	169	115.0	True
170	10	170	97.5	True
171	10	171	99.5	True
172	10	172	104.5	True
173	10	173	98.0	True
174	10	174	98.0	True
175	10	175	109.0	True
176	10	176	124.5	True
177	10	177	107.5	True
178	10	178	102.0	True
179	10	179	99.5	True
180	10	180	106.0	True
181	10	181	109.5	True
182	10	182	98.0	True
183	10	183	107.0	True
184	10	184	110.5	True
185	10	185	105.0	True
186	10	186	99.0	True
187	10	187	87.5	True
188	10	188	93.5	True
189	10	189	118.5	True
190	10	190	109.0	True
191	10	191	106.5	True
192	10	192	86.0	True
193	10	193	101.0	True
194	10	194	103.0	True
195	10	195	111.5	True
196	10	196	99.5	True
197	10	197	104.0	True
198	10	198	105.5	True
199	10	199	103.0	True
200	15	200	96.33333333333333	True
201	15	201	97.0	True
202	15	202	109.0	True
203	15	203	95.66666666666667	True
204	15	204	98.66666666666667	True
205	15	205	99.0	True
206	15	206	110.0	True
207	15	207	100.33333333333333	True
208	15	208	88.33333333333333	True
209	15	209	94.33333333333333	True
210	15	210	104.33333333333333	True
211	15	211	107.0	True
212	15	212	91.0	True
213	15	213	102.0	True
214	15	214	102.0	True
215	15	215	98.0	True
216	15	216	96.66666666666667	True
217	15	217	101.33333333333333	True
218	15	218	95.0	True
219	15	219	97.0	True
220	15	220	106.66666666666667	True
221	15	221	102.0	True
222	15	222	104.33333333333333	True
223	15	223	95.66666666666667	True
224	15	224	95.0	True
225	15	225	104.33333333333333	True
226	15	226	99.33333333333333	True
227	15	227	108.66666666666667	True
228	15	228	105.0	True
229	15	229	109.0	True
230	15	230	103.0	True
231	15	231	93.33333333333333	True
232	15	232	104.33333333333333	True
233	15	233	100.0	True
234	15	234	87.33333333333333	True
235	15	235	92.66666666666667	True
236	15	236	99.0	True
237	15	237	107.66666666666667	True
238	15	238	93.66666666666667	True
239	15	239	87.33333333333333	True
240	15	240	98.66666666666667	True
241	15	241	92.66666666666667	True
242	15	242	100.66666666666667	True
243	15	243	104.0	True
244	15	244	94.33333333333333	True
245	15	245	111.33333333333333	True
246	15	246	105.0	True
247	15	247	95.0	True
248	15	248	100.66666666666667	True
249	15	249	113.33333333333333	True
250	15	250	-913.3333333333334	True
251	15	251	112.0	True
252	15	252	89.33333333333333	True
253	15	253	106.33333333333333	True
254	15	254	106.33333333333333	True
255	15	255	93.0	True
256	15	256	96.33333333333333	True
257	15	257	99.33333333333333	True
258	15	258	101.0	True
259	15	259	104.66666666666667	True
260	15	260	105.66666666666667	True
261	15	261	105.0	True
262	15	262	103.66666666666667	True
263	15	263	103.33333333333333	True
264	15	264	93.33333333333333	True
265	15	265	99.66666666666667	True
266	15	266	98.33333333333333	True
267	15	267	95.66666666666667	True
268	15	268	99.66666666666667	True
269	15	269	104.66666666666667	True
270	15	270	98.33333333333333	True
271	15	271	107.66666666666667	True
272	15	272	85.0	True
273	15	273	115.0	True
274	15	274	100.0	True
275	15	275	106.66666666666667	True
276	15	276	97.33333333333333	True
277	15	277	108.66666666666667	True
278	15	278	101.0	True
279	15	279	93.66666666666667	True
280	15	280	105.33333333333333	True
281	15	281	103.0	True
282	15	282	108.0	True
283	15	283	105.33333333333333	True
284	15	284	89.66666666666667	True
285	15	285	95.0	True
286	15	286	105.66666666666667	True
287	15	287	103.0	True
288	15	288	96.33333333333333	True
289	15	289	92.66666666666667	True
290	15	290	100.66666666666667	True
291	15	291	99.0	True
292	15	292	92.66666666666667	True
293	15	293	98.33333333333333	True
294	15	294	96.33333333333333	True
295	15	295	98.66666666666667	True
296	15	296	113.66666666666667	True
297	15	297	101.0	True
298	15	298	97.66666666666667	True
299	15	299	110.66666666666667	True
300	20	300	94.0	True
301	20	301	97.25	True
302	20	302	-905.0	True
303	20	303	96.75	True
304	20	304	92.25	True
305	20	305	103.25	True
306	20	306	92.0	True
307	20	307	97.5	True
308	20	308	96.5	True
309	20	309	100.5	True
310	20	310	103.75	True
311	20	311	93.5	True
312	20	312	93.25	True
313	20	313	94.0	True
314	20	314	99.25	True
315	20	315	100.75	True
316	20	316	100.5	True
317	20	317	86.75	True
318	20	318	103.75	True
319	20	319	94.75	True
320	20	320	100.75	True
321	20	321	94.5	True
322	20	322	96.75	True
323	20	323	90.75	True
324	20	324	101.5	True
325	20	325	103.75	True
326	20	326	83.5	True
327	20	327	100.0	True
328	20	328	82.75	True
329	20	329	103.75	True
330	20	330	97.0	True
331	20	331	103.5	True
332	20	332	101.0	True
333	20	333	96.75	True
334	20	334	100.0	True
335	20	335	98.5	True
336	20	336	96.0	True
337	20	337	94.0	True
338	20	338	89.75	True
339	20	339	94.25	True
340	20	340	93.5	True
341	20	341	98.0	True
342	20	342	103.25	True
343	20	343	98.0	True
344	20	344	91.5	True
345	20	345	93.5	True
346	20	346	96.75	True
347	20	347	96.75	True
348	20	348	93.0	True
349	20	349	100.75	True
350	20	350	91.25	True
351	20	351	104.25	True
352	20	352	96.5	True
353	20	353	108.25	True
354	20	354	99.0	True
355	20	355	113.75	True
356	20	356	94.75	True
357	20	357	97.5	True
358	20	358	84.0	True
359	20	359	94.25	True
360	20	360	87.5	True
361	20	361	94.25	True
362	20	362	94.0	True
363	20	363	104.5	True
364	20	364	111.0	True
365	20	365	99.75	True
366	20	366	93.5	True
367	20	367	91.75	True
368	20	368	93.25	True
369	20	369	90.75	True
370	20	370	93.25	True
371	20	371	84.75	True
372	20	372	90.0	True
373	20	373	105.5	True
374	20	374	113.0	True
375	20	375	93.5	True
376	20	376	88.5	True
377	20	377	87.75	True
378	20	378	99.5	True
379	20	379	102.0	True
380	20	380	103.75	True
381	20	381	96.25	True
382	20	382	100.25	True
383	20	383	94.75	True
384	20	384	96.5	True
385	20	385	-909.25	True
386	20	386	93.5	True
387	20	387	95.75	True
388	20	388	95.75	True
389	20	389	97.25	True
390	20	390	89.0	True
391	20	391	100.75	True
392	20	392	95.0	True
393	20	393	106.75	True
394	20	394	90.5	True
395	20	395	95.25	True
396	20	396	95.0	True
397	20	397	96.25	True
398	20	398	95.25	True
399	20	399	96.5	True
400	25	400	87.0	True
401	25	401	85.6	True
402	25	402	91.2	True
403	25	403	94.6	True
404	25	404	90.8	True
405	25	405	93.2	True
406	25	406	94.8	True
407	25	407	86.8	True
408	25	408	84.0	True
409	25	409	90.6	True
410	25	410	89.8	True
411	25	411	92.6	True
412	25	412	86.8	True
413	25	413	97.8	True
414	25	414	93.0	True
415	25	415	87.2	True
416	25	416	89.2	True
417	25	417	98.0	True
418	25	418	94.8	True
419	25	419	98.2	True
420	25	420	87.4	True
421	25	421	91.4	True
422	25	422	88.8	True
423	25	423	91.4	True
424	25	424	87.0	True
425	25	425	99.2	True
426	25	426	91.2	True
427	25	427	97.4	True
428	25	428	82.4	True
429	25	429	102.6	True
430	25	430	97.8	True
431	25	431	89.8	True
432	25	432	86.2	True
433	25	433	92.6	True
434	25	434	-906.2	True
435	25	435	98.2	True
436	25	436	84.6	True
437	25	437	95.8	True
438	25	438	84.8	True
439	25	439	98.8	True
440	25	440	91.6	True
441	25	441	95.2	True
442	25	442	103.8	True
443	25	443	89.6	True
444	25	444	100.2	True
445	25	445	95.4	True
446	25	446	91.4	True
447	25	447	94.0	True
448	25	448	80.0	True
449	25	449	102.2	True
450	25	450	95.8	True
451	25	451	94.4	True
452	25	452	86.8	True
453	25	453	92.4	True
454	25	454	92.6	True
455	25	455	94.2	True
456	25	456	92.8	True
457	25	457	84.0	True
458	25	458	92.8	True
459	25	459	89.0	True
460	25	460	86.2	True
461	25	461	101.0	True
462	25	462	102.2	True
463	25	463	91.2	True
464	25	464	85.8	True
465	25	465	91.4	True
466	25	466	90.4	True
467	25	467	92.4	True
468	25	468	91.6	True
469	25	469	88.6	True
470	25	470	96.0	True
471	25	471	92.6	True
472	25	472	91.2	True
473	25	473	97.2	True
474	25	474	92.0	True
475	25	475	89.8	True
476	25	476	84.8	True
477	25	477	93.4	True
478	25	478	92.4	True
479	25	479	-903.8	True
480	25	480	97.2	True
481	25	481	91.4	True
482	25	482	93.2	True
483	25	483	95.0	True
484	25	484	94.2	True
485	25	485	97.2	True
486	25	486	95.2	True
487	25	487	96.8	True
488	25	488	-903.6	True
489	25	489	89.6	True
490	25	490	90.6	True
491	25	491	98.2	True
492	25	492	93.2	True
493	25	493	95.4	True
494	25	494	89.0	True
495	25	495	97.4	True
496	25	496	103.2	True
497	25	497	94.0	True
498	25	498	90.2	True
499	25	499	97.4	True
500	30	500	84.16666666666667	True
501	30	501	91.5	True
502	30	502	85.33333333333333	True
503	30	503	96.83333333333333	True
504	30	504	-918.3333333333334	True
505	30	505	90.16666666666667	True
506	30	506	82.5	True
507	30	507	86.5	True
508	30	508	82.83333333333333	True
509	30	509	95.5	True
510	30	510	86.16666666666667	True
511	30	511	-916.8333333333334	True
512	30	512	86.83333333333333	True
513	30	513	-909.5	True
514	30	514	85.16666666666667	True
515	30	515	95.33333333333333	True
516	30	516	88.83333333333333	True
517	30	517	82.83333333333333	True
518	30	518	-915.1666666666666	True
519	30	519	94.83333333333333	True
520	30	520	90.0	True
521	30	521	90.5	True
522	30	522	87.5	True
523	30	523	93.0	True
524	30	524	88.5	True
525	30	525	86.33333333333333	True
526	30	526	-913.8333333333334	True
527	30	527	94.33333333333333	True
528	30	528	79.5	True
529	30	529	86.5	True
530	30	530	91.16666666666667	True
531	30	531	88.66666666666667	True
532	30	532	96.0	True
533	30	533	87.0	True
534	30	534	87.0	True
535	30	535	-911.5	True
536	30	536	81.16666666666667	True
537	30	537	86.33333333333333	True
538	30	538	86.83333333333333	True
539	30	539	86.66666666666667	True
540	30	540	95.5	True
541	30	541	86.5	True
542	30	542	87.83333333333333	True
543	30	543	93.5	True
544	30	544	87.83333333333333	True
545	30	545	-916.8333333333334	True
546	30	546	95.5	True
547	30	547	88.83333333333333	True
548	30	548	86.33333333333333	True
549	30	549	86.66666666666667	True
550	30	550	91.83333333333333	True
551	30	551	85.0	True
552	30	552	84.5	True
553	30	553	86.5	True
554	30	554	87.33333333333333	True
555	30	555	86.16666666666667	True
556	30	556	87.83333333333333	True
557	30	557	93.16666666666667	True
558	30	558	89.0	True
559	30	559	89.16666666666667	True
560	30	560	90.33333333333333	True
561	30	561	86.83333333333333	True
562	30	562	77.66666666666667	True
563	30	563	-911.5	True
564	30	564	83.16666666666667	True
565	30	565	85.33333333333333	True
566	30	566	87.0	True
567	30	567	82.33333333333333	True
568	30	568	93.66666666666667	True
569	30	569	-912.1666666666666	True
570	30	570	90.5	True
571	30	571	87.5	True
572	30	572	86.5	True
573	30	573	-913.1666666666666	True
574	30	574	87.0	True
575	30	575	92.0	True
576	30	576	88.0	True
577	30	577	94.66666666666667	True
578	30	578	85.33333333333333	True
579	30	579	85.66666666666667	True
580	30	580	83.83333333333333	True
581	30	581	88.66666666666667	True
582	30	582	-916.5	True
583	30	583	-913.1666666666666	True
584	30	584	89.0	True
585	30	585	95.33333333333333	True
586	30	586	91.0	True
587	30	587	89.16666666666667	True
588	30	588	84.0	True
589	30	589	-913.5	True
590	30	590	-918.8333333333334	True
591	30	591	-911.6666666666666	True
592	30	592	81.33333333333333	True
593	30	593	84.83333333333333	True
594	30	594	88.0	True
595	30	595	90.83333333333333	True
596	30	596	84.5	True
597	30	597	84.16666666666667	True
598	30	598	84.66666666666667	True
599	30	599	85.33333333333333	True
600	35	600	-920.0	True
601	35	601	-922.1428571428571	True
602	35	602	87.57142857142857	True
603	35	603	87.85714285714286	True
604	35	604	86.0	True
605	35	605	89.42857142857143	True
606	35	606	-914.7142857142857	True
607	35	607	83.14285714285714	True
608	35	608	82.57142857142857	True
609	35	609	85.57142857142857	True
610	35	610	88.14285714285714	True
611	35	611	-922.8571428571429	True
612	35	612	-917.1428571428571	True
613	35	613	86.0	True
614	35	614	81.28571428571429	True
615	35	615	85.28571428571429	True
616	35	616	80.71428571428571	True
617	35	617	-917.5714285714286	True
618	35	618	-914.7142857142857	True
619	35	619	86.0	True
620	35	620	81.71428571428571	True
621	35	621	85.42857142857143	True
622	35	622	85.28571428571429	True
623	35	623	-912.2857142857143	True
624	35	624	86.85714285714286	True
625	35	625	85.57142857142857	True
626	35	626	-918.1428571428571	True
627	35	627	84.28571428571429	True
628	35	628	85.42857142857143	True
629	35	629	79.0	True
630	35	630	-919.2857142857143	True
631	35	631	88.14285714285714	True
632	35	632	81.57142857142857	True
633	35	633	-915.1428571428571	True
634	35	634	-914.4285714285714	True
635	35	635	87.0	True
636	35	636	84.14285714285714	True
637	35	637	84.85714285714286	True
638	35	638	79.42857142857143	True
639	35	639	-915.7142857142857	True
640	35	640	91.0	True
641	35	641	87.42857142857143	True
642	35	642	82.71428571428571	True
643	35	643	85.0	True
644	35	644	-917.5714285714286	True
645	35	645	84.71428571428571	True
646	35	646	84.0	True
647	35	647	84.0	True
648	35	648	90.28571428571429	True
649	35	649	-916.4285714285714	True
650	35	650	79.42857142857143	True
651	35	651	86.14285714285714	True
652	35	652	86.14285714285714	True
653	35	653	85.42857142857143	True
654	35	654	-917.2857142857143	True
655	35	655	83.85714285714286	True
656	35	656	-921.7142857142857	True
657	35	657	80.85714285714286	True
658	35	658	-913.5714285714286	True
659	35	659	84.85714285714286	True
660	35	660	83.57142857142857	True
661	35	661	83.42857142857143	True
662	35	662	80.85714285714286	True
663	35	663	85.57142857142857	True
664	35	664	83.57142857142857	True
665	35	665	90.14285714285714	True
666	35	666	-915.2857142857143	True
667	35	667	84.71428571428571	True
668	35	668	85.0	True
669	35	669	87.28571428571429	True
670	35	670	-919.2857142857143	True
671	35	671	86.85714285714286	True
672	35	672	81.28571428571429	True
673	35	673	-912.4285714285714	True
674	35	674	82.42857142857143	True
675	35	675	85.14285714285714	True
676	35	676	86.28571428571429	True
677	35	677	89.14285714285714	True
678	35	678	82.57142857142857	True
679	35	679	87.57142857142857	True
680	35	680	83.85714285714286	True
681	35	681	82.57142857142857	True
682	35	682	-922.5714285714286	True
683	35	683	-913.1428571428571	True
684	35	684	-917.8571428571429	True
685	35	685	86.0	True
686	35	686	-920.0	True
687	35	687	87.57142857142857	True
688	35	688	-912.8571428571429	True
689	35	689	82.42857142857143	True
690	35	690	84.85714285714286	True
691	35	691	84.0	True
692	35	692	-915.2857142857143	True
693	35	693	-912.4285714285714	True
694	35	694	-923.0	True
695	35	695	-922.7142857142857	True
696	35	696	-913.4285714285714	True
697	35	697	88.42857142857143	True
698	35	698	85.85714285714286	True
699	35	699	87.0	True
700	40	700	83.0	True
701	40	701	-919.25	True
702	40	702	-915.5	True
703	40	703	-917.375	True
704	40	704	-914.0	True
705	40	705	80.875	True
706	40	706	-920.75	True
707	40	707	78.5	True
708	40	708	80.125	True
709	40	709	81.875	True
710	40	710	73.75	True
711	40	711	79.0	True
712	40	712	-920.375	True
713	40	713	-918.875	True
714	40	714	-924.0	True
715	40	715	-917.125	True
716	40	716	-922.0	True
717	40	717	-914.625	True
718	40	718	86.25	True
719	40	719	86.875	True
720	40	720	-915.0	True
721	40	721	81.625	True
722	40	722	-917.125	True
723	40	723	-918.125	True
724	40	724	83.25	True
725	40	725	74.5	True
726	40	726	-920.75	True
727	40	727	-917.375	True
728	40	728	-922.0	True
729	40	729	-917.375	True
730	40	730	-920.625	True
731	40	731	85.375	True
732	40	732	-916.25	True
733	40	733	-917.75	True
734	40	734	81.875	True
735	40	735	72.25	True
736	40	736	-919.75	True
737	40	737	-921.75	True
738	40	738	84.25	True
739	40	739	-921.625	True
740	40	740	-912.125	True
741	40	741	-917.625	True
742	40	742	84.875	True
743	40	743	85.125	True
744	40	744	-919.25	True
745	40	745	-920.625	True
746	40	746	-920.75	True
747	40	747	-910.375	True
748	40	748	-926.5	True
749	40	749	76.875	True
750	40	750	81.25	True
751	40	751	79.125	True
752	40	752	-924.0	True
753	40	753	75.875	True
754	40	754	-923.625	True
755	40	755	-921.0	True
756	40	756	82.25	True
757	40	757	-921.5	True
758	40	758	-918.0	True
759	40	759	-917.375	True
760	40	760	-919.0	True
761	40	761	-920.5	True
762	40	762	-921.875	True
763	40	763	81.25	True
764	40	764	81.75	True
765	40	765	87.375	True
766	40	766	-918.0	True
767	40	767	-919.0	True
768	40	768	-923.75	True
769	40	769	-920.25	True
770	40	770	83.375	True
771	40	771	85.0	True
772	40	772	-913.625	True
773	40	773	-918.125	True
774	40	774	-922.125	True
775	40	775	-917.375	True
776	40	776	-921.25	True
777	40	777	-920.875	True
778	40	778	-913.125	True
779	40	779	-917.25	True
780	40	780	-921.625	True
781	40	781	-921.125	True
782	40	782	75.5	True
783	40	783	-918.0	True
784	40	784	81.0	True
785	40	785	-918.5	True
786	40	786	86.75	True
787	40	787	-916.375	True
788	40	788	-919.75	True
789	40	789	82.5	True
790	40	790	83.75	True
791	40	791	82.25	True
792	40	792	-916.625	True
793	40	793	80.625	True
794	40	794	76.625	True
795	40	795	81.0	True
796	40	796	82.25	True
797	40	797	83.625	True
798	40	798	-920.375	True
799	40	799	-922.0	True
800	45	800	-924.4444444444445	True
801	45	801	80.55555555555556	True
802	45	802	-919.8888888888889	True
803	45	803	78.44444444444444	True
804	45	804	74.88888888888889	True
805	45	805	-923.4444444444445	True
806	45	806	76.11111111111111	True
807	45	807	79.44444444444444	True
808	45	808	81.44444444444444	True
809	45	809	-922.3333333333334	True
810	45	810	79.66666666666667	True
811	45	811	81.33333333333333	True
812	45	812	74.0	True
813	45	813	77.77777777777777	True
814	45	814	76.88888888888889	True
815	45	815	-916.6666666666666	True
816	45	816	-926.4444444444445	True
817	45	817	-925.2222222222222	True
818	45	818	-925.6666666666666	True
819	45	819	-924.4444444444445	True
820	45	820	83.66666666666667	True
821	45	821	-923.8888888888889	True
822	45	822	-916.3333333333334	True
823	45	823	-921.7777777777778	True
824	45	824	-920.2222222222222	True
825	45	825	-920.7777777777778	True
826	45	826	80.88888888888889	True
827	45	827	-924.7777777777778	True
828	45	828	-927.1111111111111	True
829	45	829	80.44444444444444	True
830	45	830	-919.2222222222222	True
831	45	831	79.55555555555556	True
832	45	832	-918.1111111111111	True
833	45	833	81.55555555555556	True
834	45	834	-920.5555555555555	True
835	45	835	76.55555555555556	True
836	45	836	-923.5555555555555	True
837	45	837	76.66666666666667	True
838	45	838	79.88888888888889	True
839	45	839	-918.3333333333334	True
840	45	840	-918.4444444444445	True
841	45	841	-921.1111111111111	True
842	45	842	-920.2222222222222	True
843	45	843	81.11111111111111	True
844	45	844	-921.2222222222222	True
845	45	845	-921.4444444444445	True
846	45	846	-924.1111111111111	True
847	45	847	77.33333333333333	True
848	45	848	-920.0	True
849	45	849	-920.4444444444445	True
850	45	850	-922.7777777777778	True
851	45	851	-927.1111111111111	True
852	45	852	74.66666666666667	True
853	45	853	-918.7777777777778	True
854	45	854	-923.1111111111111	True
855	45	855	78.0	True
856	45	856	81.55555555555556	True
857	45	857	-921.2222222222222	True
858	45	858	-920.2222222222222	True
859	45	859	-922.4444444444445	True
860	45	860	-922.4444444444445	True
861	45	861	-925.4444444444445	True
862	45	862	-927.0	True
863	45	863	-923.1111111111111	True
864	45	864	-926.7777777777778	True
865	45	865	-920.2222222222222	True
866	45	866	77.44444444444444	True
867	45	867	-925.8888888888889	True
868	45	868	84.77777777777777	True
869	45	869	-920.6666666666666	True
870	45	870	-922.5555555555555	True
871	45	871	75.77777777777777	True
872	45	872	73.0	True
873	45	873	75.11111111111111	True
874	45	874	-922.7777777777778	True
875	45	875	81.44444444444444	True
876	45	876	-925.4444444444445	True
877	45	877	-918.6666666666666	True
878	45	878	77.11111111111111	True
879	45	879	-924.1111111111111	True
880	45	880	74.66666666666667	True
881	45	881	-925.7777777777778	True
882	45	882	-922.6666666666666	True
883	45	883	-923.5555555555555	True
884	45	884	80.77777777777777	True
885	45	885	-921.1111111111111	True
886	45	886	-925.7777777777778	True
887	45	887	-923.4444444444445	True
888	45	888	-920.6666666666666	True
889	45	889	-923.5555555555555	True
890	45	890	-923.2222222222222	True
891	45	891	83.88888888888889	True
892	45	892	-925.7777777777778	True
893	45	893	77.11111111111111	True
894	45	894	80.66666666666667	True
895	45	895	-924.5555555555555	True
896	45	896	79.77777777777777	True
897	45	897	-920.3333333333334	True
898	45	898	-915.0	True
899	45	899	-927.5555555555555	True
900	50	900	-921.6	True
901	50	901	-930.6	True
902	50	902	75.6	True
903	50	903	-922.8	True
904	50	904	-923.6	True
905	50	905	-922.7	True
906	50	906	-925.4	True
907	50	907	-918.8	True
908	50	908	-919.0	True
909	50	909	-923.0	True
910	50	910	-920.5	True
911	50	911	-926.3	True
912	50	912	-921.4	True
913	50	913	-926.6	True
914	50	914	-922.3	True
915	50	915	-927.1	True
916	50	916	-925.6	True
917	50	917	-926.4	True
918	50	918	-926.6	True
919	50	919	-920.2	True
920	50	920	-925.1	True
921	50	921	-925.6	True
922	50	922	-927.0	True
923	50	923	-925.1	True
924	50	924	70.5	True
925	50	925	73.9	True
926	50	926	-925.7	True
927	50	927	-926.2	True
928	50	928	-925.9	True
929	50	929	-922.9	True
930	50	930	-919.7	True
931	50	931	-922.1	True
932	50	932	-921.6	True
933	50	933	75.9	True
934	50	934	-929.5	True
935	50	935	-926.3	True
936	50	936	-923.5	True
937	50	937	78.3	True
938	50	938	-919.2	True
939	50	939	80.5	True
940	50	940	78.8	True
941	50	941	-922.6	True
942	50	942	-925.8	True
943	50	943	-929.2	True
944	50	944	-925.7	True
945	50	945	-924.4	True
946	50	946	-919.7	True
947	50	947	-926.4	True
948	50	948	-920.1	True
949	50	949	-922.8	True
950	50	950	-918.2	True
951	50	951	77.1	True
952	50	952	-924.4	True
953	50	953	77.8	True
954	50	954	-923.5	True
955	50	955	-925.3	True
956	50	956	-927.3	True
957	50	957	-922.8	True
958	50	958	-925.0	True
959	50	959	75.6	True
960	50	960	-927.2	True
961	50	961	-924.8	True
962	50	962	-919.4	True
963	50	963	-925.0	True
964	50	964	-925.5	True
965	50	965	-928.3	True
966	50	966	75.7	True
967	50	967	-927.2	True
968	50	968	-926.2	True
969	50	969	-929.6	True
970	50	970	-926.4	True
971	50	971	-924.9	True
972	50	972	-924.7	True
973	50	973	75.8	True
974	50	974	-923.0	True
975	50	975	-924.1	True
976	50	976	76.4	True
977	50	977	-921.9	True
978	50	978	-928.7	True
979	50	979	-923.7	True
980	50	980	-924.5	True
981	50	981	-924.2	True
982	50	982	-925.0	True
983	50	983	-921.7	True
984	50	984	-923.5	True
985	50	985	-930.4	True
986	50	986	-925.5	True
987	50	987	-922.7	True
988	50	988	-921.6	True
989	50	989	76.4	True
990	50	990	-924.1	True
991	50	991	-924.3	True
992	50	992	-923.2	True
993	50	993	-926.5	True
994	50	994	-919.3	True
995	50	995	-924.7	True
996	50	996	-923.5	True
997	50	997	79.3	True
998	50	998	-923.3	True
999	50	999	-928.0	True
1000	55	1000	-925.5454545454545	True
1001	55	1001	-925.1818181818181	True
1002	55	1002	-929.0909090909091	True
1003	55	1003	-926.2727272727273	True
1004	55	1004	-927.1818181818181	True
1005	55	1005	-928.1818181818181	True
1006	55	1006	76.0909090909091	True
1007	55	1007	-929.2727272727273	True
1008	55	1008	75.54545454545455	True
1009	55	1009	-924.3636363636364	True
1010	55	1010	74.45454545454545	True
1011	55	1011	-924.9090909090909	True
1012	55	1012	-923.5454545454545	True
1013	55	1013	-930.0909090909091	True
1014	55	1014	-925.5454545454545	True
1015	55	1015	-930.4545454545455	True
1016	55	1016	-928.1818181818181	True
1017	55	1017	-927.3636363636364	True
1018	55	1018	-928.5454545454545	True
1019	55	1019	75.9090909090909	True
1020	55	1020	-932.0909090909091	True
1021	55	1021	73.27272727272727	True
1022	55	1022	-925.0909090909091	True
1023	55	1023	-926.4545454545455	True
1024	55	1024	-928.4545454545455	True
1025	55	1025	-924.7272727272727	True
1026	55	1026	-926.3636363636364	True
1027	55	1027	-929.3636363636364	True
1028	55	1028	-926.2727272727273	True
1029	55	1029	-925.0909090909091	True
1030	55	1030	-927.0909090909091	True
1031	55	1031	-924.8181818181819	True
1032	55	1032	74.45454545454545	True
1033	55	1033	-930.5454545454545	True
1034	55	1034	-925.5454545454545	True
1035	55	1035	-928.5454545454545	True
1036	55	1036	-926.6363636363636	True
1037	55	1037	-922.3636363636364	True
1038	55	1038	-929.1818181818181	True
1039	55	1039	-927.2727272727273	True
1040	55	1040	-926.9090909090909	True
1041	55	1041	-924.0909090909091	True
1042	55	1042	-923.0909090909091	True
1043	55	1043	-930.0	True
1044	55	1044	-929.0909090909091	True
1045	55	1045	-927.3636363636364	True
1046	55	1046	-931.0909090909091	True
1047	55	1047	-919.1818181818181	True
1048	55	1048	-925.0	True
1049	55	1049	70.9090909090909	True
1050	55	1050	-922.4545454545455	True
1051	55	1051	-926.5454545454545	True
1052	55	1052	-928.5454545454545	True
1053	55	1053	-930.0909090909091	True
1054	55	1054	-922.5454545454545	True
1055	55	1055	-927.7272727272727	True
1056	55	1056	-926.5454545454545	True
1057	55	1057	-929.5454545454545	True
1058	55	1058	-929.1818181818181	True
1059	55	1059	75.9090909090909	True
1060	55	1060	-924.4545454545455	True
1061	55	1061	-928.3636363636364	True
1062	55	1062	-924.5454545454545	True
1063	55	1063	-925.5454545454545	True
1064	55	1064	73.27272727272727	True
1065	55	1065	-923.1818181818181	True
1066	55	1066	-921.0	True
1067	55	1067	-926.5454545454545	True
1068	55	1068	-927.7272727272727	True
1069	55	1069	-924.8181818181819	True
1070	55	1070	-924.3636363636364	True
1071	55	1071	-924.9090909090909	True
1072	55	1072	-928.2727272727273	True
1073	55	1073	-925.7272727272727	True
1074	55	1074	-925.2727272727273	True
1075	55	1075	-927.7272727272727	True
1076	55	1076	-927.4545454545455	True
1077	55	1077	-928.6363636363636	True
1078	55	1078	-925.6363636363636	True
1079	55	1079	-929.7272727272727	True
1080	55	1080	-926.2727272727273	True
1081	55	1081	-918.2727272727273	True
1082	55	1082	-929.1818181818181	True
1083	55	1083	-927.2727272727273	True
1084	55	1084	-930.7272727272727	True
1085	55	1085	-923.8181818181819	True
1086	55	1086	-928.3636363636364	True
1087	55	1087	-931.3636363636364	True
1088	55	1088	-925.3636363636364	True
1089	55	1089	-924.1818181818181	True
1090	55	1090	-927.5454545454545	True
1091	55	1091	-927.7272727272727	True
1092	55	1092	73.0	True
1093	55	1093	-928.6363636363636	True
1094	55	1094	-930.1818181818181	True
1095	55	1095	-926.4545454545455	True
1096	55	1096	-924.6363636363636	True
1097	55	1097	74.81818181818181	True
1098	55	1098	-930.0	True
1099	55	1099	-930.8181818181819	True
1100	60	1100	-927.1666666666666	True
1101	60	1101	-929.0833333333334	True
1102	60	1102	-929.75	True
1103	60	1103	-931.4166666666666	True
1104	60	1104	-926.75	True
1105	60	1105	-931.6666666666666	True
1106	60	1106	-927.9166666666666	True
1107	60	1107	-931.5	True
1108	60	1108	-927.1666666666666	True
1109	60	1109	-926.5	True
1110	60	1110	-930.0	True
1111	60	1111	-929.5	True
1112	60	1112	-931.0833333333334	True
1113	60	1113	-925.5833333333334	True
1114	60	1114	-927.9166666666666	True
1115	60	1115	-929.6666666666666	True
1116	60	1116	-929.75	True
1117	60	1117	-925.0	True
1118	60	1118	-926.5833333333334	True
1119	60	1119	-928.1666666666666	True
1120	60	1120	-929.0	True
1121	60	1121	-928.0833333333334	True
1122	60	1122	-927.0833333333334	True
1123	60	1123	-931.6666666666666	True
1124	60	1124	-930.9166666666666	True
1125	60	1125	-926.5833333333334	True
1126	60	1126	-932.3333333333334	True
1127	60	1127	-931.0	True
1128	60	1128	-928.0	True
1129	60	1129	-931.9166666666666	True
1130	60	1130	-925.4166666666666	True
1131	60	1131	-931.5	True
1132	60	1132	-932.3333333333334	True
1133	60	1133	-931.0833333333334	True
1134	60	1134	-926.75	True
1135	60	1135	-930.5833333333334	True
1136	60	1136	69.75	True
1137	60	1137	-931.75	True
1138	60	1138	-926.4166666666666	True
1139	60	1139	-929.5	True
1140	60	1140	-927.8333333333334	True
1141	60	1141	-927.3333333333334	True
1142	60	1142	-928.0	True
1143	60	1143	70.25	True
1144	60	1144	-926.8333333333334	True
1145	60	1145	-929.0	True
1146	60	1146	-930.5	True
1147	60	1147	-929.5833333333334	True
1148	60	1148	-928.75	True
1149	60	1149	-929.5	True
1150	60	1150	-927.9166666666666	True
1151	60	1151	-930.4166666666666	True
1152	60	1152	-928.5833333333334	True
1153	60	1153	-930.9166666666666	True
1154	60	1154	-932.8333333333334	True
1155	60	1155	-926.6666666666666	True
1156	60	1156	-929.3333333333334	True
1157	60	1157	-924.25	True
1158	60	1158	-930.6666666666666	True
1159	60	1159	75.41666666666667	True
1160	60	1160	-927.5833333333334	True
1161	60	1161	-929.25	True
1162	60	1162	-931.5	True
1163	60	1163	-929.5	True
1164	60	1164	-927.4166666666666	True
1165	60	1165	-929.1666666666666	True
1166	60	1166	-926.8333333333334	True
1167	60	1167	-929.0833333333334	True
1168	60	1168	-928.1666666666666	True
1169	60	1169	-927.5833333333334	True
1170	60	1170	-927.9166666666666	True
1171	60	1171	-928.25	True
1172	60	1172	-928.0833333333334	True
1173	60	1173	-926.5	True
1174	60	1174	-930.25	True
1175	60	1175	-930.8333333333334	True
1176	60	1176	-926.9166666666666	True
1177	60	1177	-925.5	True
1178	60	1178	-929.4166666666666	True
1179	60	1179	-931.0	True
1180	60	1180	70.25	True
1181	60	1181	-930.4166666666666	True
1182	60	1182	-931.0833333333334	True
1183	60	1183	71.83333333333333	True
1184	60	1184	72.0	True
1185	60	1185	-932.6666666666666	True
1186	60	1186	-927.6666666666666	True
1187	60	1187	-929.8333333333334	True
1188	60	1188	-932.0	True
1189	60	1189	-926.9166666666666	True
1190	60	1190	-928.9166666666666	True
1191	60	1191	-926.5	True
1192	60	1192	-933.4166666666666	True
1193	60	1193	-929.75	True
1194	60	1194	-927.6666666666666	True
1195	60	1195	-926.1666666666666	True
1196	60	1196	-924.5	True
1197	60	1197	-929.25	True
1198	60	1198	-931.1666666666666	True
1199	60	1199	78.75	True
1200	65	1200	-928.3076923076923	True
1201	65	1201	-928.6923076923077	True
1202	65	1202	-926.4615384615385	True
1203	65	1203	-931.3076923076923	True
1204	65	1204	-929.7692307692307	True
1205	65	1205	-929.3846153846154	True
1206	65	1206	-927.0	True
1207	65	1207	-931.2307692307693	True
1208	65	1208	-928.1538461538462	True
1209	65	1209	-931.0769230769231	True
1210	65	1210	-932.3076923076923	True
1211	65	1211	-933.0	True
1212	65	1212	-926.6153846153846	True
1213	65	1213	-931.1538461538462	True
1214	65	1214	-935.2307692307693	True
1215	65	1215	-929.5384615384615	True
1216	65	1216	-933.4615384615385	True
1217	65	1217	-928.6923076923077	True
1218	65	1218	-928.3846153846154	True
1219	65	1219	-929.3076923076923	True
1220	65	1220	-929.7692307692307	True
1221	65	1221	-934.6923076923077	True
1222	65	1222	-932.3846153846154	True
1223	65	1223	-931.3076923076923	True
1224	65	1224	-931.6153846153846	True
1225	65	1225	-930.4615384615385	True
1226	65	1226	-926.1538461538462	True
1227	65	1227	-932.9230769230769	True
1228	65	1228	-927.4615384615385	True
1229	65	1229	-931.3076923076923	True
1230	65	1230	74.07692307692308	True
1231	65	1231	-930.4615384615385	True
1232	65	1232	-929.2307692307693	True
1233	65	1233	-931.0	True
1234	65	1234	-925.9230769230769	True
1235	65	1235	-930.4615384615385	True
1236	65	1236	-925.6923076923077	True
1237	65	1237	-931.0769230769231	True
1238	65	1238	-932.7692307692307	True
1239	65	1239	-927.6153846153846	True
1240	65	1240	-929.9230769230769	True
1241	65	1241	-932.3076923076923	True
1242	65	1242	-928.0769230769231	True
1243	65	1243	-929.4615384615385	True
1244	65	1244	-931.4615384615385	True
1245	65	1245	-931.2307692307693	True
1246	65	1246	-932.6923076923077	True
1247	65	1247	-930.8461538461538	True
1248	65	1248	-931.0769230769231	True
1249	65	1249	-931.0769230769231	True
1250	65	1250	-935.3846153846154	True
1251	65	1251	-930.5384615384615	True
1252	65	1252	-935.1538461538462	True
1253	65	1253	-933.4615384615385	True
1254	65	1254	-933.8461538461538	True
1255	65	1255	-931.6153846153846	True
1256	65	1256	-935.3846153846154	True
1257	65	1257	-928.0769230769231	True
1258	65	1258	-931.9230769230769	True
1259	65	1259	-930.3846153846154	True
1260	65	1260	-933.0769230769231	True
1261	65	1261	-928.3846153846154	True
1262	65	1262	-933.8461538461538	True
1263	65	1263	-929.6153846153846	True
1264	65	1264	-928.2307692307693	True
1265	65	1265	-928.4615384615385	True
1266	65	1266	-928.0	True
1267	65	1267	69.46153846153847	True
1268	65	1268	-930.0	True
1269	65	1269	-929.3846153846154	True
1270	65	1270	-929.6153846153846	True
1271	65	1271	-932.9230769230769	True
1272	65	1272	-933.6153846153846	True
1273	65	1273	-931.9230769230769	True
1274	65	1274	-931.5384615384615	True
1275	65	1275	-930.6923076923077	True
1276	65	1276	-927.7692307692307	True
1277	65	1277	-929.2307692307693	True
1278	65	1278	-931.3846153846154	True
1279	65	1279	-927.1538461538462	True
1280	65	1280	-930.3846153846154	True
1281	65	1281	-933.6923076923077	True
1282	65	1282	-926.4615384615385	True
1283	65	1283	-928.9230769230769	True
1284	65	1284	-930.5384615384615	True
1285	65	1285	-925.3076923076923	True
1286	65	1286	-932.0	True
1287	65	1287	-926.3076923076923	True
1288	65	1288	-931.0769230769231	True
1289	65	1289	-928.0769230769231	True
1290	65	1290	-929.0769230769231	True
1291	65	1291	-932.8461538461538	True
1292	65	1292	-927.6923076923077	True
1293	65	1293	-929.7692307692307	True
1294	65	1294	-929.6153846153846	True
1295	65	1295	-930.1538461538462	True
1296	65	1296	-932.0769230769231	True
1297	65	1297	-933.3846153846154	True
1298	65	1298	67.3076923076923	True
1299	65	1299	-929.0	True
1300	70	1300	-932.8571428571429	True
1301	70	1301	-935.7142857142857	True
1302	70	1302	-931.7857142857143	True
1303	70	1303	-934.4285714285714	True
1304	70	1304	-933.5714285714286	True
1305	70	1305	-934.1428571428571	True
1306	70	1306	-934.0	True
1307	70	1307	-932.7142857142857	True
1308	70	1308	-934.3571428571429	True
1309	70	1309	-929.2142857142857	True
1310	70	1310	-936.3571428571429	True
1311	70	1311	-930.4285714285714	True
1312	70	1312	-932.0714285714286	True
1313	70	1313	-932.5714285714286	True
1314	70	1314	-938.2142857142857	True
1315	70	1315	-932.5	True
1316	70	1316	-932.6428571428571	True
1317	70	1317	-933.8571428571429	True
1318	70	1318	-932.5714285714286	True
1319	70	1319	-929.9285714285714	True
1320	70	1320	-932.7857142857143	True
1321	70	1321	-936.0714285714286	True
1322	70	1322	-933.8571428571429	True
1323	70	1323	-931.4285714285714	True
1324	70	1324	-930.7142857142857	True
1325	70	1325	-935.5714285714286	True
1326	70	1326	-933.7857142857143	True
1327	70	1327	-932.2142857142857	True
1328	70	1328	-931.8571428571429	True
1329	70	1329	-935.0	True
1330	70	1330	-938.8571428571429	True
1331	70	1331	-931.5714285714286	True
1332	70	1332	-931.4285714285714	True
1333	70	1333	-932.7857142857143	True
1334	70	1334	-932.0	True
1335	70	1335	-933.0	True
1336	70	1336	-932.5714285714286	True
1337	70	1337	-932.5714285714286	True
1338	70	1338	-933.0	True
1339	70	1339	-932.2142857142857	True
1340	70	1340	-934.2857142857143	True
1341	70	1341	-935.0	True
1342	70	1342	-933.0714285714286	True
1343	70	1343	-933.7857142857143	True
1344	70	1344	-932.5	True
1345	70	1345	-930.4285714285714	True
1346	70	1346	-933.1428571428571	True
1347	70	1347	-932.1428571428571	True
1348	70	1348	-932.0714285714286	True
1349	70	1349	-932.1428571428571	True
1350	70	1350	-935.7142857142857	True
1351	70	1351	-935.8571428571429	True
1352	70	1352	-934.4285714285714	True
1353	70	1353	-930.0	True
1354	70	1354	-935.5714285714286	True
1355	70	1355	-933.8571428571429	True
1356	70	1356	-933.3571428571429	True
1357	70	1357	-933.7142857142857	True
1358	70	1358	-936.5714285714286	True
1359	70	1359	-932.9285714285714	True
1360	70	1360	-928.6428571428571	True
1361	70	1361	-932.2142857142857	True
1362	70	1362	-931.5	True
1363	70	1363	-934.5714285714286	True
1364	70	1364	-936.4285714285714	True
1365	70	1365	-934.0	True
1366	70	1366	-934.9285714285714	True
1367	70	1367	-934.7142857142857	True
1368	70	1368	-931.5	True
1369	70	1369	-932.7142857142857	True
1370	70	1370	-933.3571428571429	True
1371	70	1371	-935.2142857142857	True
1372	70	1372	-930.3571428571429	True
1373	70	1373	-931.8571428571429	True
1374	70	1374	-934.5714285714286	True
1375	70	1375	-932.4285714285714	True
1376	70	1376	-934.2857142857143	True
1377	70	1377	-934.2857142857143	True
1378	70	1378	-933.4285714285714	True
1379	70	1379	-933.7857142857143	True
1380	70	1380	-929.9285714285714	True
1381	70	1381	-933.0714285714286	True
1382	70	1382	-932.9285714285714	True
1383	70	1383	-933.7857142857143	True
1384	70	1384	-933.1428571428571	True
1385	70	1385	-933.0	True
1386	70	1386	-932.7142857142857	True
1387	70	1387	-932.5	True
1388	70	1388	-928.8571428571429	True
1389	70	1389	-933.5714285714286	True
1390	70	1390	-936.1428571428571	True
1391	70	1391	-935.3571428571429	True
1392	70	1392	-930.3571428571429	True
1393	70	1393	-936.5	True
1394	70	1394	-933.2142857142857	True
1395	70	1395	-933.1428571428571	True
1396	70	1396	-933.2857142857143	True
1397	70	1397	-929.6428571428571	True
1398	70	1398	-934.7857142857143	True
1399	70	1399	-936.1428571428571	True
1400	75	1400	-935.4	True
1401	75	1401	-935.2	True
1402	75	1402	-932.9333333333333	True
1403	75	1403	-933.4	True
1404	75	1404	-937.4	True
1405	75	1405	-934.8666666666667	True
1406	75	1406	-940.0	True
1407	75	1407	-935.1333333333333	True
1408	75	1408	-933.3333333333334	True
1409	75	1409	-934.2	True
1410	75	1410	-934.4666666666667	True
1411	75	1411	-934.2	True
1412	75	1412	-935.7333333333333	True
1413	75	1413	-932.6	True
1414	75	1414	-934.8666666666667	True
1415	75	1415	-934.3333333333334	True
1416	75	1416	-933.0	True
1417	75	1417	-934.4666666666667	True
1418	75	1418	-934.5333333333333	True
1419	75	1419	-934.8	True
1420	75	1420	-932.0666666666667	True
1421	75	1421	-934.8	True
1422	75	1422	-936.3333333333334	True
1423	75	1423	-936.8	True
1424	75	1424	-931.8666666666667	True
1425	75	1425	-935.6	True
1426	75	1426	66.8	True
1427	75	1427	-933.7333333333333	True
1428	75	1428	-936.4666666666667	True
1429	75	1429	-933.2	True
1430	75	1430	-932.3333333333334	True
1431	75	1431	-931.8666666666667	True
1432	75	1432	-936.6	True
1433	75	1433	-933.8666666666667	True
1434	75	1434	-936.2	True
1435	75	1435	-938.8666666666667	True
1436	75	1436	-935.1333333333333	True
1437	75	1437	-936.3333333333334	True
1438	75	1438	-939.3333333333334	True
1439	75	1439	-930.2	True
1440	75	1440	-932.2	True
1441	75	1441	-934.9333333333333	True
1442	75	1442	-935.8	True
1443	75	1443	-935.6	True
1444	75	1444	-934.5333333333333	True
1445	75	1445	-936.0	True
1446	75	1446	-935.0666666666667	True
1447	75	1447	-934.3333333333334	True
1448	75	1448	-933.2666666666667	True
1449	75	1449	-936.0	True
1450	75	1450	-932.1333333333333	True
1451	75	1451	-939.7333333333333	True
1452	75	1452	-930.8666666666667	True
1453	75	1453	-934.9333333333333	True
1454	75	1454	-934.6666666666666	True
1455	75	1455	-934.1333333333333	True
1456	75	1456	-933.7333333333333	True
1457	75	1457	-935.6666666666666	True
1458	75	1458	-933.3333333333334	True
1459	75	1459	-934.0	True
1460	75	1460	-934.7333333333333	True
1461	75	1461	-931.8666666666667	True
1462	75	1462	-937.6	True
1463	75	1463	-935.3333333333334	True
1464	75	1464	-930.0666666666667	True
1465	75	1465	-933.6	True
1466	75	1466	-937.3333333333334	True
1467	75	1467	-936.9333333333333	True
1468	75	1468	-937.4	True
1469	75	1469	-934.7333333333333	True
1470	75	1470	-935.9333333333333	True
1471	75	1471	-933.6666666666666	True
1472	75	1472	-935.9333333333333	True
1473	75	1473	-933.0666666666667	True
1474	75	1474	-935.4	True
1475	75	1475	-935.2	True
1476	75	1476	-934.2	True
1477	75	1477	-930.4	True
1478	75	1478	-933.7333333333333	True
1479	75	1479	-936.4	True
1480	75	1480	-937.3333333333334	True
1481	75	1481	-933.3333333333334	True
1482	75	1482	-933.3333333333334	True
1483	75	1483	-934.8	True
1484	75	1484	-935.1333333333333	True
1485	75	1485	-934.8666666666667	True
1486	75	1486	-933.7333333333333	True
1487	75	1487	-933.7333333333333	True
1488	75	1488	-933.1333333333333	True
1489	75	1489	-935.4	True
1490	75	1490	-935.0666666666667	True
1491	75	1491	-936.1333333333333	True
1492	75	1492	-935.6	True
1493	75	1493	-937.6	True
1494	75	1494	-937.2	True
1495	75	1495	-933.5333333333333	True
1496	75	1496	-936.2	True
1497	75	1497	-934.6	True
1498	75	1498	-932.8666666666667	True
1499	75	1499	-936.7333333333333	True
1500	80	1500	-933.9375	True
1501	80	1501	-932.5625	True
1502	80	1502	-936.5625	True
1503	80	1503	-939.5	True
1504	80	1504	-938.0	True
1505	80	1505	-934.4375	True
1506	80	1506	-936.5625	True
1507	80	1507	-941.4375	True
1508	80	1508	-933.375	True
1509	80	1509	-938.5625	True
1510	80	1510	-935.3125	True
1511	80	1511	-936.75	True
1512	80	1512	-935.4375	True
1513	80	1513	-938.625	True
1514	80	1514	-938.0625	True
1515	80	1515	-936.5625	True
1516	80	1516	-938.8125	True
1517	80	1517	-936.5625	True
1518	80	1518	-937.1875	True
1519	80	1519	-937.875	True
1520	80	1520	-939.125	True
1521	80	1521	-933.375	True
1522	80	1522	-940.8125	True
1523	80	1523	-936.5625	True
1524	80	1524	-934.625	True
1525	80	1525	-936.0	True
1526	80	1526	-937.4375	True
1527	80	1527	-939.3125	True
1528	80	1528	-939.3125	True
1529	80	1529	-940.0	True
1530	80	1530	-939.3125	True
1531	80	1531	-937.9375	True
1532	80	1532	-934.0625	True
1533	80	1533	-936.1875	True
1534	80	1534	-934.5	True
1535	80	1535	-935.875	True
1536	80	1536	-934.375	True
1537	80	1537	-938.25	True
1538	80	1538	-934.8125	True
1539	80	1539	-939.1875	True
1540	80	1540	-936.9375	True
1541	80	1541	-934.875	True
1542	80	1542	-937.375	True
1543	80	1543	-938.0	True
1544	80	1544	-938.1875	True
1545	80	1545	-936.5625	True
1546	80	1546	-934.8125	True
1547	80	1547	-936.125	True
1548	80	1548	-933.75	True
1549	80	1549	-936.0625	True
1550	80	1550	-938.4375	True
1551	80	1551	-937.0625	True
1552	80	1552	-935.5625	True
1553	80	1553	-933.4375	True
1554	80	1554	-937.9375	True
1555	80	1555	-936.5625	True
1556	80	1556	-937.625	True
1557	80	1557	-934.75	True
1558	80	1558	-935.5625	True
1559	80	1559	-934.375	True
1560	80	1560	-933.5625	True
1561	80	1561	-936.5625	True
1562	80	1562	-936.0	True
1563	80	1563	-935.5625	True
1564	80	1564	-938.875	True
1565	80	1565	-937.125	True
1566	80	1566	-938.625	True
1567	80	1567	-936.9375	True
1568	80	1568	-937.25	True
1569	80	1569	-938.4375	True
1570	80	1570	-940.375	True
1571	80	1571	-941.1875	True
1572	80	1572	-935.375	True
1573	80	1573	-939.5	True
1574	80	1574	-933.1875	True
1575	80	1575	-936.0625	True
1576	80	1576	-940.375	True
1577	80	1577	-934.1875	True
1578	80	1578	-940.9375	True
1579	80	1579	-940.0	True
1580	80	1580	-936.6875	True
1581	80	1581	-938.625	True
1582	80	1582	-939.125	True
1583	80	1583	-936.5625	True
1584	80	1584	-937.75	True
1585	80	1585	-933.6875	True
1586	80	1586	-937.125	True
1587	80	1587	-934.375	True
1588	80	1588	-937.875	True
1589	80	1589	-937.125	True
1590	80	1590	-933.8125	True
1591	80	1591	-937.5625	True
1592	80	1592	-936.5	True
1593	80	1593	-934.4375	True
1594	80	1594	-939.5625	True
1595	80	1595	-936.125	True
1596	80	1596	-934.625	True
1597	80	1597	-934.25	True
1598	80	1598	-940.3125	True
1599	80	1599	-935.4375	True
1600	85	1600	-934.5882352941177	True
1601	85	1601	-940.1176470588235	True
1602	85	1602	-935.6470588235294	True
1603	85	1603	-938.7058823529412	True
1604	85	1604	-937.8235294117648	True
1605	85	1605	-936.5882352941177	True
1606	85	1606	-938.2941176470588	True
1607	85	1607	-937.8235294117648	True
1608	85	1608	-937.4705882352941	True
1609	85	1609	-936.9411764705883	True
1610	85	1610	-943.5294117647059	True
1611	85	1611	-938.6470588235294	True
1612	85	1612	-939.0	True
1613	85	1613	-939.4705882352941	True
1614	85	1614	-937.5294117647059	True
1615	85	1615	-938.6470588235294	True
1616	85	1616	-939.1764705882352	True
1617	85	1617	-935.4705882352941	True
1618	85	1618	-941.7058823529412	True
1619	85	1619	-939.3529411764706	True
1620	85	1620	-936.8235294117648	True
1621	85	1621	-938.3529411764706	True
1622	85	1622	-942.0	True
1623	85	1623	-938.7058823529412	True
1624	85	1624	-935.5294117647059	True
1625	85	1625	-939.5294117647059	True
1626	85	1626	-935.1764705882352	True
1627	85	1627	-939.0	True
1628	85	1628	-939.8235294117648	True
1629	85	1629	-940.4117647058823	True
1630	85	1630	-937.4117647058823	True
1631	85	1631	-940.2941176470588	True
1632	85	1632	-940.0588235294117	True
1633	85	1633	-937.6470588235294	True
1634	85	1634	-934.3529411764706	True
1635	85	1635	-936.7647058823529	True
1636	85	1636	-937.8823529411765	True
1637	85	1637	-939.1176470588235	True
1638	85	1638	-939.6470588235294	True
1639	85	1639	-939.5294117647059	True
1640	85	1640	-938.1176470588235	True
1641	85	1641	-939.1176470588235	True
1642	85	1642	-938.8823529411765	True
1643	85	1643	-940.4117647058823	True
1644	85	1644	-934.5882352941177	True
1645	85	1645	-939.4705882352941	True
1646	85	1646	-935.7647058823529	True
1647	85	1647	-939.2941176470588	True
1648	85	1648	-934.5882352941177	True
1649	85	1649	-938.9411764705883	True
1650	85	1650	-940.1176470588235	True
1651	85	1651	-938.2352941176471	True
1652	85	1652	-937.6470588235294	True
1653	85	1653	-935.9411764705883	True
1654	85	1654	-937.1176470588235	True
1655	85	1655	-938.0588235294117	True
1656	85	1656	-936.7058823529412	True
1657	85	1657	-938.7058823529412	True
1658	85	1658	-940.8823529411765	True
1659	85	1659	-941.9411764705883	True
1660	85	1660	-939.7058823529412	True
1661	85	1661	-940.5294117647059	True
1662	85	1662	-940.5882352941177	True
1663	85	1663	-938.1764705882352	True
1664	85	1664	-937.5294117647059	True
1665	85	1665	-934.2941176470588	True
1666	85	1666	-939.0	True
1667	85	1667	-940.4705882352941	True
1668	85	1668	-940.0588235294117	True
1669	85	1669	-938.2941176470588	True
1670	85	1670	-937.8823529411765	True
1671	85	1671	-941.8235294117648	True
1672	85	1672	-938.5294117647059	True
1673	85	1673	-938.2352941176471	True
1674	85	1674	-938.4705882352941	True
1675	85	1675	-939.0	True
1676	85	1676	-937.0	True
1677	85	1677	-939.0	True
1678	85	1678	-941.6470588235294	True
1679	85	1679	-940.2941176470588	True
1680	85	1680	-937.8235294117648	True
1681	85	1681	-937.8823529411765	True
1682	85	1682	-938.8823529411765	True
1683	85	1683	-942.0	True
1684	85	1684	-939.5294117647059	True
1685	85	1685	-938.7647058823529	True
1686	85	1686	-939.3529411764706	True
1687	85	1687	-937.5882352941177	True
1688	85	1688	-938.5294117647059	True
1689	85	1689	-936.7647058823529	True
1690	85	1690	-940.2352941176471	True
1691	85	1691	-938.2941176470588	True
1692	85	1692	-941.7647058823529	True
1693	85	1693	-939.5882352941177	True
1694	85	1694	-940.1764705882352	True
1695	85	1695	-937.7647058823529	True
1696	85	1696	-935.9411764705883	True
1697	85	1697	-936.7058823529412	True
1698	85	1698	-939.5882352941177	True
1699	85	1699	-938.7647058823529	True
1700	90	1700	-940.8333333333334	True
1701	90	1701	-937.5555555555555	True
1702	90	1702	-941.0	True
1703	90	1703	-942.9444444444445	True
1704	90	1704	-939.5	True
1705	90	1705	-939.0555555555555	True
1706	90	1706	-941.8333333333334	True
1707	90	1707	-939.5	True
1708	90	1708	-940.6666666666666	True
1709	90	1709	-942.0555555555555	True
1710	90	1710	-939.3333333333334	True
1711	90	1711	-941.8888888888889	True
1712	90	1712	-941.3333333333334	True
1713	90	1713	-938.8888888888889	True
1714	90	1714	-937.7222222222222	True
1715	90	1715	-938.5555555555555	True
1716	90	1716	-945.0	True
1717	90	1717	-939.5	True
1718	90	1718	-940.3888888888889	True
1719	90	1719	-943.1111111111111	True
1720	90	1720	-940.9444444444445	True
1721	90	1721	-940.2222222222222	True
1722	90	1722	-943.9444444444445	True
1723	90	1723	-940.8333333333334	True
1724	90	1724	-940.0	True
1725	90	1725	-940.8333333333334	True
1726	90	1726	-943.8333333333334	True
1727	90	1727	-938.0	True
1728	90	1728	-942.7222222222222	True
1729	90	1729	-945.8888888888889	True
1730	90	1730	-942.2222222222222	True
1731	90	1731	-939.6666666666666	True
1732	90	1732	-938.7222222222222	True
1733	90	1733	-942.6666666666666	True
1734	90	1734	-942.8333333333334	True
1735	90	1735	-940.1111111111111	True
1736	90	1736	-943.0555555555555	True
1737	90	1737	-941.0	True
1738	90	1738	-942.6666666666666	True
1739	90	1739	-942.8333333333334	True
1740	90	1740	-936.7222222222222	True
1741	90	1741	-944.0555555555555	True
1742	90	1742	-938.4444444444445	True
1743	90	1743	-940.3333333333334	True
1744	90	1744	-937.4444444444445	True
1745	90	1745	-941.0555555555555	True
1746	90	1746	-939.2777777777778	True
1747	90	1747	-940.6111111111111	True
1748	90	1748	-939.6666666666666	True
1749	90	1749	-942.1666666666666	True
1750	90	1750	-941.2777777777778	True
1751	90	1751	-938.8333333333334	True
1752	90	1752	-940.8333333333334	True
1753	90	1753	-937.9444444444445	True
1754	90	1754	-941.8888888888889	True
1755	90	1755	-941.2777777777778	True
1756	90	1756	-938.4444444444445	True
1757	90	1757	-940.6666666666666	True
1758	90	1758	-942.1111111111111	True
1759	90	1759	-939.1666666666666	True
1760	90	1760	-939.1111111111111	True
1761	90	1761	-942.0555555555555	True
1762	90	1762	-939.7222222222222	True
1763	90	1763	-941.2777777777778	True
1764	90	1764	-937.1111111111111	True
1765	90	1765	-943.2222222222222	True
1766	90	1766	-944.5	True
1767	90	1767	-939.6111111111111	True
1768	90	1768	-942.4444444444445	True
1769	90	1769	-939.6666666666666	True
1770	90	1770	-941.2222222222222	True
1771	90	1771	-942.2777777777778	True
1772	90	1772	-941.9444444444445	True
1773	90	1773	-942.6111111111111	True
1774	90	1774	-936.7777777777778	True
1775	90	1775	-939.8888888888889	True
1776	90	1776	-937.2777777777778	True
1777	90	1777	-937.8333333333334	True
1778	90	1778	-940.7222222222222	True
1779	90	1779	-938.8888888888889	True
1780	90	1780	-940.7222222222222	True
1781	90	1781	-940.7777777777778	True
1782	90	1782	-937.8333333333334	True
1783	90	1783	-940.7777777777778	True
1784	90	1784	-938.8888888888889	True
1785	90	1785	-937.8333333333334	True
1786	90	1786	-939.5555555555555	True
1787	90	1787	-939.3888888888889	True
1788	90	1788	-945.0	True
1789	90	1789	-940.7222222222222	True
1790	90	1790	-942.0	True
1791	90	1791	-941.0	True
1792	90	1792	-940.2777777777778	True
1793	90	1793	-941.3333333333334	True
1794	90	1794	-943.6111111111111	True
1795	90	1795	-943.0	True
1796	90	1796	-942.6666666666666	True
1797	90	1797	-941.8333333333334	True
1798	90	1798	-943.7777777777778	True
1799	90	1799	-940.5555555555555	True
1800	95	1800	-942.578947368421	True
1801	95	1801	-943.6842105263158	True
1802	95	1802	-943.578947368421	True
1803	95	1803	-942.9473684210526	True
1804	95	1804	-939.3157894736842	True
1805	95	1805	-942.2631578947369	True
1806	95	1806	-943.9473684210526	True
1807	95	1807	-940.7368421052631	True
1808	95	1808	-946.1052631578947	True
1809	95	1809	-942.3684210526316	True
1810	95	1810	-941.421052631579	True
1811	95	1811	-944.6315789473684	True
1812	95	1812	-942.578947368421	True
1813	95	1813	-944.5263157894736	True
1814	95	1814	-942.8947368421053	True
1815	95	1815	-942.8947368421053	True
1816	95	1816	-940.6842105263158	True
1817	95	1817	-941.8421052631579	True
1818	95	1818	-943.1052631578947	True
1819	95	1819	-945.2631578947369	True
1820	95	1820	-941.421052631579	True
1821	95	1821	-940.7368421052631	True
1822	95	1822	-942.6315789473684	True
1823	95	1823	-943.0526315789474	True
1824	95	1824	-941.7368421052631	True
1825	95	1825	-944.0526315789474	True
1826	95	1826	-938.8421052631579	True
1827	95	1827	-943.8421052631579	True
1828	95	1828	-943.0526315789474	True
1829	95	1829	-947.0526315789474	True
1830	95	1830	-940.8421052631579	True
1831	95	1831	-939.7368421052631	True
1832	95	1832	-943.8947368421053	True
1833	95	1833	-943.578947368421	True
1834	95	1834	-946.0	True
1835	95	1835	-942.0526315789474	True
1836	95	1836	-941.6842105263158	True
1837	95	1837	-940.578947368421	True
1838	95	1838	-938.6315789473684	True
1839	95	1839	-944.7368421052631	True
1840	95	1840	-941.7368421052631	True
1841	95	1841	-947.8421052631579	True
1842	95	1842	-940.7368421052631	True
1843	95	1843	-941.3684210526316	True
1844	95	1844	-941.5263157894736	True
1845	95	1845	-939.1052631578947	True
1846	95	1846	-940.3684210526316	True
1847	95	1847	-947.6842105263158	True
1848	95	1848	-942.4736842105264	True
1849	95	1849	-943.8421052631579	True
1850	95	1850	-942.3684210526316	True
1851	95	1851	-942.421052631579	True
1852	95	1852	-942.0526315789474	True
1853	95	1853	-943.8947368421053	True
1854	95	1854	-945.1052631578947	True
1855	95	1855	-943.421052631579	True
1856	95	1856	-944.0	True
1857	95	1857	-941.0	True
1858	95	1858	-942.7894736842105	True
1859	95	1859	-940.6315789473684	True
1860	95	1860	-941.9473684210526	True
1861	95	1861	-942.0526315789474	True
1862	95	1862	-940.0	True
1863	95	1863	-942.4736842105264	True
1864	95	1864	-944.0	True
1865	95	1865	-941.5263157894736	True
1866	95	1866	-943.0	True
1867	95	1867	-940.2105263157895	True
1868	95	1868	-941.7368421052631	True
1869	95	1869	-940.7894736842105	True
1870	95	1870	-941.2631578947369	True
1871	95	1871	-940.0526315789474	True
1872	95	1872	-943.6315789473684	True
1873	95	1873	-945.0	True
1874	95	1874	-947.1578947368421	True
1875	95	1875	-942.6842105263158	True
1876	95	1876	-943.7368421052631	True
1877	95	1877	-946.0	True
1878	95	1878	-943.3157894736842	True
1879	95	1879	-944.6842105263158	True
1880	95	1880	-944.6842105263158	True
1881	95	1881	-943.3684210526316	True
1882	95	1882	-939.578947368421	True
1883	95	1883	-941.6842105263158	True
1884	95	1884	-946.1578947368421	True
1885	95	1885	-942.8947368421053	True
1886	95	1886	-945.7368421052631	True
1887	95	1887	-943.3684210526316	True
1888	95	1888	-943.0526315789474	True
1889	95	1889	-945.6842105263158	True
1890	95	1890	-944.2105263157895	True
1891	95	1891	-941.4736842105264	True
1892	95	1892	-939.3157894736842	True
1893	95	1893	-939.5263157894736	True
1894	95	1894	-941.3684210526316	True
1895	95	1895	-941.6315789473684	True
1896	95	1896	-944.1052631578947	True
1897	95	1897	-943.3684210526316	True
1898	95	1898	-942.0	True
1899	95	1899	-943.7894736842105	True
1900	100	1900	-944.3	True
1901	100	1901	-945.55	True
1902	100	1902	-939.9	True
1903	100	1903	-942.45	True
1904	100	1904	-944.5	True
1905	100	1905	-945.05	True
1906	100	1906	-947.9	True
1907	100	1907	-944.75	True
1908	100	1908	-946.7	True
1909	100	1909	-943.15	True
1910	100	1910	-945.25	True
1911	100	1911	-944.75	True
1912	100	1912	-946.7	True
1913	100	1913	-948.6	True
1914	100	1914	-944.75	True
1915	100	1915	-942.9	True
1916	100	1916	-946.35	True
1917	100	1917	-940.7	True
1918	100	1918	-943.35	True
1919	100	1919	-944.2	True
1920	100	1920	-943.75	True
1921	100	1921	-949.1	True
1922	100	1922	-943.3	True
1923	100	1923	-947.05	True
1924	100	1924	-940.55	True
1925	100	1925	-943.75	True
1926	100	1926	-941.35	True
1927	100	1927	-944.9	True
1928	100	1928	-941.9	True
1929	100	1929	-942.1	True
1930	100	1930	-945.55	True
1931	100	1931	-947.2	True
1932	100	1932	-943.65	True
1933	100	1933	-945.9	True
1934	100	1934	-942.4	True
1935	100	1935	-944.55	True
1936	100	1936	-941.0	True
1937	100	1937	-944.55	True
1938	100	1938	-943.8	True
1939	100	1939	-945.85	True
1940	100	1940	-943.7	True
1941	100	1941	-944.25	True
1942	100	1942	-947.05	True
1943	100	1943	-944.0	True
1944	100	1944	-943.55	True
1945	100	1945	-943.3	True
1946	100	1946	-946.3	True
1947	100	1947	-942.55	True
1948	100	1948	-941.95	True
1949	100	1949	-940.5	True
1950	100	1950	-944.0	True
1951	100	1951	-946.6	True
1952	100	1952	-942.7	True
1953	100	1953	-946.35	True
1954	100	1954	-944.15	True
1955	100	1955	-946.2	True
1956	100	1956	-945.35	True
1957	100	1957	-945.95	True
1958	100	1958	-942.85	True
1959	100	1959	-944.8	True
1960	100	1960	-945.55	True
1961	100	1961	-945.15	True
1962	100	1962	-942.0	True
1963	100	1963	-943.95	True
1964	100	1964	-945.95	True
1965	100	1965	-944.65	True
1966	100	1966	-943.95	True
1967	100	1967	-944.85	True
1968	100	1968	-943.4	True
1969	100	1969	-942.75	True
1970	100	1970	-944.95	True
1971	100	1971	-942.7	True
1972	100	1972	-947.75	True
1973	100	1973	-944.6	True
1974	100	1974	-945.05	True
1975	100	1975	-945.15	True
1976	100	1976	-943.25	True
1977	100	1977	-944.05	True
1978	100	1978	-946.7	True
1979	100	1979	-947.1	True
1980	100	1980	-943.8	True
1981	100	1981	-945.95	True
1982	100	1982	-945.15	True
1983	100	1983	-945.65	True
1984	100	1984	-945.75	True
1985	100	1985	-943.3	True
1986	100	1986	-944.85	True
1987	100	1987	-946.3	True
1988	100	1988	-941.95	True
1989	100	1989	-944.9	True
1990	100	1990	-943.95	True
1991	100	1991	-943.1	True
1992	100	1992	-941.1	True
1993	100	1993	-942.7	True
1994	100	1994	-944.8	True
1995	100	1995	-943.25	True
1996	100	1996	-941.9	True
1997	100	1997	-944.6	True
1998	100	1998	-947.6	True
1999	100	1999	-943.0	True
